4
-5.000e+00 -5.000e+00
+5.000e+00 -5.000e+00
-5.000e+00 +5.000e+00
+5.000e+00 +5.000e+00
1
0 1 3 2
2
0
5
10
+5.886e-04
-1.773e-03
+0.000e+00
+0.000e+00
-6.386e-04
-1.464e-03
+0.000e+00
-5.091e-04
+10
+1.177e-03
-3.545e-03
+0.000e+00
+0.000e+00
-1.277e-03
-2.927e-03
+0.000e+00
-1.018e-03
+10
+1.766e-03
-5.318e-03
+0.000e+00
+0.000e+00
-1.916e-03
-4.391e-03
+0.000e+00
-1.527e-03
+10
+2.355e-03
-7.091e-03
+0.000e+00
+0.000e+00
-2.555e-03
-5.855e-03
+0.000e+00
-2.036e-03
+10
+2.943e-03
-8.864e-03
+0.000e+00
+0.000e+00
-3.193e-03
-7.318e-03
+0.000e+00
-2.545e-03
+0
+5
+10
+3.532e-03
-1.064e-02
+0.000e+00
+0.000e+00
-3.832e-03
-8.782e-03
+0.000e+00
-3.055e-03
+10
+4.120e-03
-1.241e-02
+0.000e+00
+0.000e+00
-4.470e-03
-1.025e-02
+0.000e+00
-3.564e-03
+10
+4.709e-03
-1.418e-02
+0.000e+00
+0.000e+00
-5.109e-03
-1.171e-02
+0.000e+00
-4.073e-03
+10
+5.298e-03
-1.595e-02
+0.000e+00
+0.000e+00
-5.748e-03
-1.317e-02
+0.000e+00
-4.582e-03
+10
+5.886e-03
-1.773e-02
+0.000e+00
+0.000e+00
-6.386e-03
-1.464e-02
+0.000e+00
-5.091e-03
