+0
Model_1
+1
Part_1
+2
+2
+3
+4
+4
4
-5.000000e+00 -5.000000e+00 
+5.000000e+00 -5.000000e+00 
-5.000000e+00 +5.000000e+00 
+5.000000e+00 +5.000000e+00 
+5
1
+0 +1 +3 +2 
+6
Step-1
+7
+1
+2.500000e-05 -2.045455e-04
+0.000000e+00 +0.000000e+00
+2.500000e-05 +1.000000e-04
+0.000000e+00 -1.045455e-04
+0
+7
+1
+2.500000e-05 -2.045455e-04
+0.000000e+00 +0.000000e+00
+2.500000e-05 +1.000000e-04
+0.000000e+00 -1.045455e-04
+0
+7
+1
+2.500000e-05 -2.045455e-04
+0.000000e+00 +0.000000e+00
+2.500000e-05 +1.000000e-04
+0.000000e+00 -1.045455e-04
+0
+7
+1
+2.500000e-05 -2.045455e-04
+0.000000e+00 +0.000000e+00
+2.500000e-05 +1.000000e-04
+0.000000e+00 -1.045455e-04
+0
+7
+1
+2.500000e-05 -2.045455e-04
+0.000000e+00 +0.000000e+00
+2.500000e-05 +1.000000e-04
+0.000000e+00 -1.045455e-04
+0
+6
Step-2
+7
+1
+2.500000e-05 -2.045455e-04
+0.000000e+00 +0.000000e+00
+2.500000e-05 +1.000000e-04
+0.000000e+00 -1.045455e-04
+0
+7
+1
+2.500000e-05 -2.045455e-04
+0.000000e+00 +0.000000e+00
+2.500000e-05 +1.000000e-04
+0.000000e+00 -1.045455e-04
+0
+7
+1
+2.500000e-05 -2.045455e-04
+0.000000e+00 +0.000000e+00
+2.500000e-05 +1.000000e-04
+0.000000e+00 -1.045455e-04
+0
+7
+1
+2.500000e-05 -2.045455e-04
+0.000000e+00 +0.000000e+00
+2.500000e-05 +1.000000e-04
+0.000000e+00 -1.045455e-04
+0
+7
+1
+2.500000e-05 -2.045455e-04
+0.000000e+00 +0.000000e+00
+2.500000e-05 +1.000000e-04
+0.000000e+00 -1.045455e-04
+0
+8